_____________
|530 070 000|
|600 195 000|
|098 000 060|
|-----------|
|800 060 003|
|400 803 001|
|700 020 006|
|-----------|
|060 000 280|
|000 419 005|
|000 080 079|
_____________
_____________
|005 300 000|
|800 000 020|
|070 010 500|
|-----------|
|000 000 000|
|400 803 001|
|000 000 000|
|-----------|
|009 020 640|
|040 000 006|
|000 005 300|
_____________
_____________
|005 300 000|
|800 000 020|
|070 010 500|
|-----------|
|000 000 000|
|400 803 001|
|000 000 000|
|-----------|
|009 020 640|
|040 000 006|
|000 005 300|
_____________
_____________
|005 300 000|
|800 000 020|
|070 010 500|
|-----------|
|000 000 000|
|400 803 001|
|000 000 000|
|-----------|
|009 020 640|
|040 000 006|
|000 005 300|
_____________
_____________
|005 300 000|
|800 000 020|
|070 010 500|
|-----------|
|000 000 000|
|400 803 001|
|000 000 000|
|-----------|
|009 020 640|
|040 000 006|
|000 005 300|
_____________
